2563
17 18 7 5 0 3 19 13 1 10 11 15 4 14 6 2 8 16 9 12 
19 16 6 10 3 17 9 1 18 0 4 11 5 12 15 8 14 13 2 7 
10 19 1 5 12 6 0 17 16 18 3 11 14 2 4 9 7 13 15 8 
18 13 16 1 6 11 15 17 12 3 9 0 4 7 5 10 2 8 14 19 
19 18 8 3 11 2 16 15 12 17 1 6 13 5 4 10 0 9 7 14 
4 13 5 2 12 18 19 9 3 11 0 10 17 8 7 14 16 15 6 1 
6 8 14 10 11 0 18 17 16 12 2 5 9 3 15 7 4 1 13 19 
1 16 10 7 17 15 19 5 18 9 14 2 0 6 11 13 12 3 8 4 
17 8 12 14 13 9 3 7 19 1 10 18 16 5 2 6 0 4 15 11 
12 15 4 16 17 2 7 18 19 9 11 6 1 13 10 5 3 14 8 0 
14 19 4 16 12 6 15 18 1 8 0 17 2 9 5 11 10 7 13 3 
18 15 2 14 16 17 13 19 1 6 0 7 5 4 9 10 11 3 8 12 
12 18 16 4 6 17 5 13 0 1 9 8 10 2 14 11 7 3 19 15 
8 7 3 10 18 0 11 5 17 2 19 1 13 6 14 16 12 15 4 9 
1 17 15 16 7 8 5 14 11 10 3 13 18 4 12 0 2 6 9 19 