3372
11 25 26 27 8 14 6 24 15 19 21 23 4 18 1 17 3 28 2 13 0 20 9 29 5 7 16 22 12 10 
11 19 18 8 26 24 1 27 20 29 21 14 0 5 2 12 3 25 17 4 9 23 15 6 10 7 13 28 16 22 
29 21 1 12 26 28 14 9 16 2 19 6 20 24 17 8 7 22 11 3 23 15 4 0 5 13 18 27 10 25 
22 4 24 3 11 29 18 25 23 26 9 2 17 21 7 8 14 1 12 13 27 6 19 15 20 0 28 16 5 10 
27 12 11 29 20 22 15 3 23 7 1 28 26 19 21 9 16 25 13 14 10 6 24 4 8 5 18 0 2 17 
6 16 14 8 29 4 12 23 24 3 5 26 17 19 22 7 2 10 11 21 15 20 1 0 27 13 25 28 9 18 
22 4 21 8 6 26 1 14 5 9 20 12 0 27 10 23 3 2 18 25 19 13 7 28 24 17 15 11 16 29 
23 6 8 17 11 29 25 19 26 3 18 9 24 7 14 12 5 20 21 4 27 2 15 28 1 22 16 13 0 10 
7 24 15 3 12 19 23 27 22 14 5 10 18 9 29 13 8 16 26 21 1 11 6 2 28 4 20 17 25 0 
21 15 22 10 1 24 26 12 14 5 6 2 28 17 19 16 23 20 25 3 13 0 9 18 11 7 29 4 27 8 
15 4 6 23 9 19 21 8 25 24 29 27 20 17 10 14 0 22 2 18 3 5 16 13 1 28 11 7 12 26 
5 11 7 19 6 25 15 12 26 20 27 4 16 24 29 0 18 17 8 3 9 14 23 21 10 2 1 13 28 22 
8 13 14 21 18 19 2 17 28 0 24 4 27 22 7 16 1 11 15 23 26 12 10 5 6 3 9 25 29 20 
20 19 9 23 10 21 24 12 17 25 1 14 15 28 5 27 16 4 0 22 3 11 13 7 29 8 18 26 2 6 
13 15 19 3 11 29 6 1 10 0 28 16 25 14 27 9 20 5 23 22 2 18 8 12 17 24 21 7 26 4 