3367
25 11 26 27 8 14 24 15 6 19 21 13 23 4 18 17 1 3 2 0 28 20 29 9 5 16 7 22 12 10 
19 11 18 8 26 27 24 29 1 20 21 14 0 2 15 5 3 17 25 9 4 23 6 12 10 13 28 7 22 16 
29 21 26 14 1 12 9 28 16 2 6 17 20 24 19 8 7 22 15 11 3 23 4 0 5 18 13 27 10 25 
22 4 24 3 29 18 11 25 23 9 21 2 13 17 26 7 8 1 14 27 6 15 12 20 0 19 28 16 5 10 
27 12 29 11 15 22 20 23 3 7 13 28 21 1 26 19 9 16 25 10 14 6 4 24 5 8 18 0 17 2 
6 16 14 29 8 4 23 12 24 10 3 17 5 19 22 2 26 15 21 11 20 7 0 1 25 27 13 28 9 18 
22 4 5 21 8 26 14 10 6 9 1 20 0 27 23 2 3 12 18 25 13 19 28 7 24 17 15 11 29 16 
23 6 8 25 29 17 11 19 26 18 9 3 7 24 14 21 20 15 5 4 27 2 12 28 1 22 0 16 13 10 
7 15 24 3 19 10 12 23 27 14 13 22 9 5 18 29 8 21 16 26 1 6 11 2 28 4 20 17 25 0 
21 15 10 22 24 26 1 14 6 28 2 5 12 17 19 20 16 23 25 0 13 3 18 9 11 29 4 7 27 8 
15 4 6 23 25 9 8 19 21 10 24 29 27 20 17 0 14 22 2 18 3 5 16 13 1 28 11 7 12 26 
5 25 7 11 19 15 6 26 12 4 20 27 16 0 24 29 18 9 17 8 3 21 14 23 2 10 1 13 28 22 
8 13 14 18 21 19 17 2 0 28 4 24 22 27 15 7 16 11 1 26 23 6 5 10 12 3 9 25 29 20 
10 19 9 20 23 21 24 17 15 25 12 1 14 28 27 5 4 0 16 22 11 13 29 3 7 18 26 8 2 6 
15 13 19 3 10 29 6 11 0 28 1 16 14 25 9 27 20 22 5 23 2 18 8 21 12 24 17 26 4 7 