3392
11 25 26 27 8 14 6 24 15 19 21 23 4 18 17 1 3 2 13 0 28 20 9 5 29 16 7 22 12 10 
11 19 18 8 26 27 1 24 20 29 21 14 5 0 2 3 25 9 17 12 4 23 15 6 10 13 7 28 16 22 
29 21 1 26 12 28 14 16 9 2 6 24 17 20 8 19 22 7 11 3 23 15 4 5 0 18 13 27 10 25 
22 4 3 24 18 29 11 23 25 9 26 2 17 21 7 8 14 1 13 12 6 27 19 20 15 0 28 16 5 10 
27 12 29 22 11 20 15 23 3 28 7 1 26 21 9 13 16 19 25 14 10 6 4 24 8 5 18 0 17 2 
6 16 14 29 8 4 23 12 24 5 3 17 10 26 22 19 2 11 7 21 15 20 1 0 27 13 25 28 9 18 
22 4 5 8 21 26 6 10 14 1 9 20 27 0 23 12 3 2 18 25 13 19 7 28 24 17 15 11 16 29 
23 6 8 17 25 29 11 26 19 3 18 9 24 7 14 5 20 21 12 4 27 2 15 28 1 16 22 13 0 10 
7 15 3 10 24 19 12 23 27 14 5 22 9 13 18 29 8 16 26 21 1 11 6 2 28 20 4 17 25 0 
10 21 15 22 26 24 1 14 5 28 12 6 2 17 16 19 23 20 25 13 3 0 18 9 11 7 27 29 4 8 
15 4 6 23 8 25 9 19 21 10 24 27 29 20 17 0 14 22 18 2 5 3 16 13 1 28 11 7 12 26 
5 11 7 25 19 6 15 26 12 4 20 27 16 24 0 29 18 9 17 8 3 14 23 21 10 2 1 13 28 22 
8 13 18 14 21 28 19 17 2 0 24 4 22 27 16 7 11 1 15 23 12 26 5 10 6 3 9 20 25 29 
10 19 20 9 23 21 24 17 12 25 15 1 14 5 27 28 16 4 22 0 11 13 3 7 26 18 29 8 2 6 
15 13 10 19 3 6 29 28 11 0 16 1 25 9 14 27 20 5 22 23 2 18 8 21 12 24 17 7 26 4 