3343
11 25 26 27 8 14 24 6 15 19 21 23 4 13 18 17 1 3 28 2 0 20 9 29 5 7 16 22 12 10 
11 19 18 8 26 24 1 27 20 21 29 14 0 5 12 2 3 25 17 9 4 23 15 6 10 7 13 28 16 22 
21 29 1 12 26 28 14 9 16 2 19 20 24 17 6 8 7 22 11 3 23 15 4 0 5 18 13 27 10 25 
22 4 24 3 11 29 18 23 25 9 26 2 17 21 7 13 14 8 12 1 27 6 19 20 15 0 28 16 5 10 
27 12 11 29 20 22 15 23 3 7 1 28 26 19 21 13 9 16 25 14 10 6 24 4 8 5 18 0 2 17 
6 16 14 8 29 4 12 23 24 3 5 17 19 26 22 7 2 10 11 21 20 15 1 0 27 13 25 28 9 18 
22 21 4 8 5 6 26 1 14 9 20 12 0 27 10 23 3 2 18 25 19 13 7 28 24 17 15 11 16 29 
23 6 8 17 11 29 25 19 26 3 18 9 24 7 14 12 5 20 21 4 27 2 28 15 1 22 16 13 0 10 
7 24 15 3 12 19 23 27 22 14 5 10 9 13 18 29 8 16 26 21 11 1 6 2 28 4 20 17 25 0 
21 15 22 10 1 24 26 12 14 5 6 2 28 17 19 16 23 20 25 3 13 0 9 18 11 29 7 4 27 8 
15 4 6 23 9 19 8 21 25 24 27 29 20 17 0 14 10 22 2 18 3 5 16 13 1 28 11 7 12 26 
5 11 7 19 6 25 15 12 26 20 27 4 16 0 24 29 18 9 17 8 3 14 23 21 10 2 1 13 28 22 
8 13 14 21 18 19 17 2 28 0 24 4 27 22 7 16 1 11 15 23 26 12 10 5 6 3 9 29 25 20 
20 19 9 23 10 21 24 12 17 25 1 14 15 28 5 27 16 4 0 22 3 13 11 7 29 8 18 26 2 6 
13 15 19 3 11 6 29 0 1 10 28 16 14 25 9 27 20 5 23 22 2 18 8 12 17 24 21 26 7 4 