3343
11 25 26 27 24 14 6 28 8 0 15 1 23 18 4 2 17 21 20 3 13 19 29 16 9 5 7 22 10 12 
11 18 0 1 26 24 20 8 27 5 29 19 2 28 14 3 21 17 25 23 15 9 12 6 4 10 16 13 7 22 
28 1 29 16 21 26 14 2 20 12 9 17 6 24 8 11 22 7 23 15 0 18 19 3 4 5 13 10 27 25 
22 4 24 3 18 25 29 11 23 2 26 17 9 1 28 8 7 12 13 6 20 14 21 15 16 27 0 19 10 5 
27 12 28 20 29 11 22 15 23 1 3 16 26 7 9 25 24 13 10 6 21 19 14 18 4 8 5 17 0 2 
6 16 14 29 8 23 5 4 24 3 17 12 2 26 11 22 28 10 20 7 0 15 1 19 25 13 27 21 9 18 
22 5 0 1 6 4 26 20 8 14 28 21 9 2 23 18 10 27 3 12 25 13 17 7 16 19 24 11 15 29 
23 6 17 25 8 29 11 28 18 3 26 20 24 9 7 14 5 2 19 12 15 1 4 16 21 27 22 13 0 10 
7 24 15 3 5 23 27 22 18 14 12 28 10 9 16 29 19 8 13 1 11 2 6 26 20 21 17 4 25 0 
28 15 1 10 24 22 21 5 26 2 14 6 20 17 12 23 16 0 18 25 13 11 19 9 29 7 3 27 4 8 
15 6 4 23 25 0 9 24 8 20 29 21 27 17 28 2 18 19 10 22 14 16 5 1 13 11 3 7 12 26 
5 11 7 25 6 0 20 15 16 26 27 4 12 19 24 18 29 17 28 9 23 8 2 14 10 3 1 13 21 22 
0 28 8 18 14 2 17 13 24 21 16 4 22 1 11 7 19 15 23 27 12 6 10 5 26 20 9 25 29 3 
20 10 9 23 28 24 17 1 19 21 15 25 12 0 14 16 5 22 11 18 4 13 27 29 7 2 26 3 8 6 
0 28 15 3 6 1 16 29 11 20 19 25 10 13 14 9 18 23 2 22 5 27 8 17 12 24 26 7 21 4 