3269
2 12 1 16 7 10 6 18 19 0 9 17 3 5 8 15 11 13 14 4 
7 1 10 15 13 6 17 12 11 19 0 18 2 16 3 9 5 8 4 14 
12 10 7 1 9 2 6 16 19 17 8 0 5 13 18 14 4 3 11 15 
17 1 12 6 19 10 7 5 0 16 18 9 2 13 14 11 15 8 3 4 
4 1 7 10 12 19 17 6 2 5 0 18 11 13 3 9 14 8 16 15 
19 7 12 1 10 11 0 6 18 9 8 17 5 2 13 14 3 16 15 4 
1 6 19 10 18 7 17 0 8 12 5 9 11 14 15 2 16 4 13 3 
1 7 6 10 12 2 18 9 19 0 14 11 5 17 8 16 13 3 4 15 
7 10 12 5 1 19 0 9 8 2 15 14 4 13 6 18 17 3 11 16 
1 12 19 7 5 2 17 0 8 18 16 14 15 13 6 11 4 9 10 3 
10 1 6 0 7 9 19 2 12 5 17 16 4 14 18 3 11 15 13 8 
1 12 10 18 19 5 0 2 16 9 7 11 13 14 17 4 3 8 15 6 
1 7 10 17 12 19 0 13 2 5 18 9 3 6 11 15 4 16 8 14 
7 10 1 19 12 0 18 17 9 5 6 11 3 2 13 15 14 4 8 16 
10 6 19 0 18 7 17 11 1 16 9 8 12 15 4 5 2 14 3 13 